time	V(vped)
0.000000000000000e+000	3.614939e-002
2.677636363856983e-006	3.544271e-002
8.032909091570950e-006	3.408717e-002
1.874345454699888e-005	3.157289e-002
4.016454545785475e-005	2.718671e-002
8.016454545783924e-005	2.048775e-002
1.201645454578237e-004	1.532246e-002
1.601645454578082e-004	1.152115e-002
2.001645454577927e-004	8.707464e-003
2.343750000000644e-004	6.919466e-003
2.348293809713575e-004	7.023113e-003
2.357381429139438e-004	7.528006e-003
2.375556667990608e-004	8.794380e-003
2.408042063893889e-004	1.188152e-002
2.473012855700452e-004	2.115718e-002
2.602954439313576e-004	4.918585e-002
2.774580843528107e-004	1.037154e-001
3.024004990121454e-004	2.144255e-001
3.342192384073184e-004	3.994113e-001
3.742192384073029e-004	6.855354e-001
4.142192384072874e-004	1.018059e+000
4.542192384072719e-004	1.387884e+000
4.942192384072563e-004	1.785418e+000
5.342192384072408e-004	2.203544e+000
5.742192384072253e-004	2.636982e+000
6.142192384072098e-004	3.081812e+000
6.942192384071788e-004	3.994756e+000
8.142192384071323e-004	5.397455e+000
8.542192384071168e-004	5.870562e+000
8.942192384071013e-004	6.344424e+000
9.342192384070858e-004	6.819041e+000
9.742192384070703e-004	7.294414e+000
1.014219238407055e-003	7.770542e+000
1.054219238407039e-003	8.247425e+000
1.094219238407024e-003	8.725064e+000
1.134219238407008e-003	9.201311e+000
1.150872126058911e-003	9.396925e+000
1.163180796679764e-003	9.535939e+000
1.176994354375960e-003	9.681307e+000
1.194167338799845e-003	9.845369e+000
1.210937500000009e-003	9.992083e+000
1.211014776453301e-003	9.989566e+000
1.211169329359885e-003	9.942331e+000
1.211208915675721e-003	9.913168e+000
1.211234870812372e-003	9.890018e+000
1.211249712831042e-003	9.880099e+000
1.211266442160575e-003	9.870502e+000
1.211299900819640e-003	9.851787e+000
1.211355218552923e-003	9.821781e+000
1.211408946432624e-003	9.792804e+000
1.211516402192026e-003	9.734452e+000
1.211677835505298e-003	9.645412e+000
1.211914061999997e-003	9.513113e+000
1.211936073781617e-003	9.505335e+000
1.211980097344856e-003	9.495087e+000
1.212068144471279e-003	9.484724e+000
1.212149753973546e-003	9.478635e+000
1.212235760789326e-003	9.472683e+000
1.212407774420887e-003	9.460586e+000
1.212751801684064e-003	9.436454e+000
1.213439856210363e-003	9.388416e+000
1.214815965263016e-003	9.293255e+000
1.217568183368323e-003	9.106509e+000
1.223072619578935e-003	8.746807e+000
1.234081492000105e-003	8.078636e+000
1.256099236842445e-003	6.913289e+000
1.296099236842430e-003	5.179648e+000
1.336099236842414e-003	3.838435e+000
1.376099236842399e-003	2.844163e+000
1.416099236842383e-003	2.107096e+000
1.456099236842368e-003	1.560704e+000
1.496099236842352e-003	1.155669e+000
1.536099236842337e-003	8.554270e-001
1.576099236842321e-003	6.328726e-001
1.616099236842306e-003	4.679114e-001
1.656099236842290e-003	3.456463e-001
1.696099236842275e-003	2.550339e-001
1.736099236842259e-003	1.878868e-001
1.776099236842244e-003	1.381356e-001
1.816099236842228e-003	1.012809e-001
1.856099236842213e-003	7.398685e-002
1.896099236842197e-003	5.378054e-002
1.936099236842181e-003	3.882871e-002
1.976099236842166e-003	2.777226e-002
2.016099236842150e-003	1.960362e-002
2.056099236842135e-003	1.357586e-002
2.096099236842119e-003	9.135216e-003
2.136099236842104e-003	5.871180e-003
2.176099236842088e-003	3.371019e-003
2.187500000000009e-003	2.754937e-003
2.187595133698761e-003	2.802781e-003
2.187785401096265e-003	2.893045e-003
2.188165935891273e-003	3.085250e-003
2.188927005481289e-003	3.518760e-003
2.190449144661322e-003	4.565722e-003
2.193493423021387e-003	7.367730e-003
2.199581979741516e-003	1.568824e-002
2.211759093181775e-003	4.063917e-002
2.227382813894396e-003	8.777808e-002
2.251027386607873e-003	1.877213e-001
2.280911222633075e-003	3.545741e-001
2.320911222633060e-003	6.322169e-001
2.360911222633044e-003	9.576266e-001
2.400911222633029e-003	1.322169e+000
2.440911222633013e-003	1.715778e+000
2.480911222632998e-003	2.130987e+000
2.520911222632982e-003	2.562255e+000
2.560911222632967e-003	3.005471e+000
2.640911222632936e-003	3.916316e+000
2.760911222632889e-003	5.317474e+000
2.800911222632874e-003	5.790321e+000
2.840911222632858e-003	6.263968e+000
2.880911222632843e-003	6.738415e+000
2.920911222632827e-003	7.213663e+000
2.960911222632812e-003	7.689710e+000
3.000911222632796e-003	8.166558e+000
3.040911222632781e-003	8.644206e+000
3.080911222632765e-003	9.121008e+000
3.098538237211901e-003	9.329598e+000
3.110470471324234e-003	9.466854e+000
3.125035152486799e-003	9.625069e+000
3.140356918512388e-003	9.776591e+000
3.161772889169356e-003	9.969384e+000
3.164062500000009e-003	9.988379e+000
3.164073454761995e-003	9.989235e+000
3.164095364285968e-003	9.991413e+000
3.164139183333914e-003	9.995968e+000
3.164201450059745e-003	1.000083e+001
3.164226915022717e-003	1.000016e+001
3.164243104892606e-003	9.994561e+000
3.164253546637186e-003	9.984547e+000
3.164268353267608e-003	9.963743e+000
3.164277365933332e-003	9.951298e+000
3.164285419228696e-003	9.941574e+000
3.164294975866511e-003	9.931558e+000
3.164307549992307e-003	9.920131e+000
3.164320659220510e-003	9.909739e+000
3.164334758210374e-003	9.899956e+000
3.164359194903599e-003	9.884739e+000
3.164384183692526e-003	9.870376e+000
3.164434161270380e-003	9.843046e+000
3.164486707046443e-003	9.814726e+000
3.164591798598571e-003	9.757928e+000
3.164745853572237e-003	9.673305e+000
3.165039061999997e-003	9.509741e+000
3.165063116135236e-003	9.501451e+000
3.165111224405659e-003	9.490775e+000
3.165207440946505e-003	9.480124e+000
3.165295919890454e-003	9.473676e+000
3.165385907048124e-003	9.467432e+000
3.165565881363464e-003	9.454776e+000
3.165925829994143e-003	9.429532e+000
3.166605149480584e-003	9.382113e+000
3.167963788453465e-003	9.288171e+000
3.170681066399284e-003	9.103774e+000
3.176115622290920e-003	8.748428e+000
3.186984734074194e-003	8.087750e+000
3.208722957640742e-003	6.934449e+000
3.248722957640726e-003	5.195282e+000
3.288722957640711e-003	3.848948e+000
3.328722957640695e-003	2.850879e+000
3.368722957640680e-003	2.110997e+000
3.408722957640664e-003	1.562520e+000
3.448722957640649e-003	1.155938e+000
3.488722957640633e-003	8.545492e-001
3.528722957640618e-003	6.311450e-001
3.568722957640602e-003	4.655538e-001
3.608722957640587e-003	3.428218e-001
3.648722957640571e-003	2.518632e-001
3.688722957640556e-003	1.844596e-001
3.728722957640540e-003	1.345184e-001
3.768722957640525e-003	9.752285e-002
3.808722957640509e-003	7.012444e-002
3.848722957640494e-003	4.984085e-002
3.888722957640478e-003	3.483179e-002
3.928722957640463e-003	2.373299e-002
3.968722957640447e-003	1.553303e-002
4.008722957640432e-003	9.482111e-003
4.048722957640416e-003	5.024378e-003
4.088722957640401e-003	1.715757e-003
4.122008195662774e-003	-3.960404e-004
4.140625000000064e-003	-1.393126e-003
4.140675207279509e-003	-1.367811e-003
4.140775621838400e-003	-1.323439e-003
4.140976450956235e-003	-1.229550e-003
4.141378109191851e-003	-1.022126e-003
4.142181425663138e-003	-5.565545e-004
4.143788058605713e-003	5.755899e-004
4.147001324490862e-003	3.626398e-003
4.153427856261160e-003	1.247039e-002
4.163972973890207e-003	3.387446e-002
4.179109541466664e-003	7.846719e-002
4.200988778692183e-003	1.682095e-001
4.230379138043305e-003	3.282349e-001
4.270106056114553e-003	5.985696e-001
4.310106056114538e-003	9.195742e-001
4.350106056114522e-003	1.280766e+000
4.390106056114507e-003	1.671887e+000
4.430106056114491e-003	2.085246e+000
4.470106056114476e-003	2.515139e+000
4.510106056114460e-003	2.957331e+000
4.590106056114429e-003	3.866846e+000
4.710106056114383e-003	5.267028e+000
4.750106056114367e-003	5.739714e+000
4.790106056114352e-003	6.213226e+000
4.830106056114336e-003	6.687564e+000
4.870106056114321e-003	7.162729e+000
4.910106056114305e-003	7.638720e+000
4.950106056114290e-003	8.115537e+000
4.990106056114274e-003	8.593181e+000
5.030106056114259e-003	9.070135e+000
5.049095320678376e-003	9.295242e+000
5.062217017300141e-003	9.447141e+000
5.075634871134105e-003	9.594830e+000
5.089348544527528e-003	9.733859e+000
5.107908357244673e-003	9.905197e+000
5.117187500000009e-003	9.984218e+000
5.117230412057416e-003	9.988337e+000
5.117316236172231e-003	9.995403e+000
5.117351083103905e-003	9.994059e+000
5.117369940256411e-003	9.985736e+000
5.117381094427331e-003	9.973893e+000
5.117395868794672e-003	9.953259e+000
5.117403348688043e-003	9.943582e+000
5.117411650406856e-003	9.934289e+000
5.117421256473964e-003	9.924803e+000
5.117433289648699e-003	9.914396e+000
5.117445786066988e-003	9.904876e+000
5.117461647378918e-003	9.894231e+000
5.117491310479505e-003	9.876255e+000
5.117518408708055e-003	9.860966e+000
5.117572605165210e-003	9.831583e+000
5.117633588459014e-003	9.798747e+000
5.117755555046677e-003	9.732592e+000
5.117939678076944e-003	9.631112e+000
5.118164061999997e-003	9.505647e+000
5.118180057775368e-003	9.499191e+000
5.118212049326054e-003	9.490215e+000
5.118276032427482e-003	9.480693e+000
5.118343175204598e-003	9.474991e+000
5.118415049445491e-003	9.469969e+000
5.118549883718904e-003	9.460491e+000
5.118819552265730e-003	9.441550e+000
5.119358889359327e-003	9.403806e+000
5.120437563546576e-003	9.328881e+000
5.122594911921075e-003	9.181249e+000
5.126909608670072e-003	8.894597e+000
5.135539002168010e-003	8.353793e+000
5.152797789163943e-003	7.388299e+000
5.187315363155753e-003	5.770002e+000
5.227315363155738e-003	4.288856e+000
5.267315363155722e-003	3.175919e+000
5.307315363155707e-003	2.350879e+000
5.347315363155691e-003	1.739271e+000
5.387315363155676e-003	1.285887e+000
5.427315363155660e-003	9.498031e-001
5.467315363155645e-003	7.006776e-001
5.507315363155629e-003	5.160181e-001
5.547315363155614e-003	3.791501e-001
5.587315363155598e-003	2.777119e-001
5.627315363155583e-003	2.025394e-001
5.667315363155567e-003	1.468388e-001
5.707315363155552e-003	1.055737e-001
5.747315363155536e-003	7.501008e-002
5.787315363155521e-003	5.238008e-002
5.827315363155505e-003	3.563159e-002
5.867315363155490e-003	2.324334e-002
5.907315363155474e-003	1.408752e-002
5.947315363155459e-003	7.328058e-003
5.987315363155443e-003	2.288638e-003
6.019460701047308e-003	-7.704552e-004
6.051726279636294e-003	-3.117701e-003
6.084542352509437e-003	-5.044500e-003
6.093750000000009e-003	-5.490009e-003
6.093851254375171e-003	-5.467994e-003
6.094053763125495e-003	-5.388190e-003
6.094458780626144e-003	-5.182840e-003
6.095268815627497e-003	-4.715528e-003
6.096888885630203e-003	-3.577674e-003
6.100129025635559e-003	-5.017996e-004
6.106609305646271e-003	8.426680e-003
6.117152113408186e-003	2.980138e-002
6.131970318416280e-003	7.320726e-002
6.153134425090467e-003	1.592740e-001
6.182050923518978e-003	3.151443e-001
6.221021752076394e-003	5.778885e-001
6.261021752076379e-003	8.965845e-001
6.301021752076363e-003	1.255840e+000
6.341021752076348e-003	1.645522e+000
6.381021752076332e-003	2.057812e+000
6.421021752076317e-003	2.486910e+000
6.461021752076301e-003	2.928510e+000
6.541021752076270e-003	3.837257e+000
6.661021752076224e-003	5.236875e+000
6.701021752076208e-003	5.709469e+000
6.741021752076193e-003	6.182903e+000
6.781021752076177e-003	6.657179e+000
6.821021752076162e-003	7.132295e+000
6.861021752076146e-003	7.608252e+000
6.901021752076131e-003	8.085050e+000
6.941021752076115e-003	8.562689e+000
6.981021752076100e-003	9.039695e+000
7.001051372912015e-003	9.277328e+000
7.014507098013656e-003	9.433578e+000
7.027288396639853e-003	9.575153e+000
7.040580394268081e-003	9.711410e+000
7.058355810528438e-003	9.877360e+000
7.070312500000009e-003	9.980174e+000
7.070367727851135e-003	9.984727e+000
7.070478183553441e-003	9.977624e+000
7.070517688221645e-003	9.953335e+000
7.070530824639210e-003	9.938174e+000
7.070540467346675e-003	9.927078e+000
7.070548914061670e-003	9.918804e+000
7.070557139535472e-003	9.911631e+000
7.070569945082539e-003	9.901707e+000
7.070583144685561e-003	9.892538e+000
7.070605821671794e-003	9.878471e+000
7.070644177746666e-003	9.856515e+000
7.070679751296605e-003	9.837074e+000
7.070750898396483e-003	9.798806e+000
7.070839758317293e-003	9.750732e+000
7.071017478158914e-003	9.653071e+000
7.071272965160746e-003	9.510618e+000
7.071289061999997e-003	9.501575e+000
7.071292571176779e-003	9.499667e+000
7.071299589530289e-003	9.496209e+000
7.071313626237308e-003	9.490870e+000
7.071341699651401e-003	9.483942e+000
7.071379827113977e-003	9.478467e+000
7.071438226490978e-003	9.473256e+000
7.071510940497294e-003	9.467931e+000
7.071642309223691e-003	9.458681e+000
7.071905046676430e-003	9.440221e+000
7.072430521581963e-003	9.403432e+000
7.079787170259144e-003	8.906653e+000
7.088194768747336e-003	8.378078e+000
7.105009965723774e-003	7.431800e+000
7.138640359676596e-003	5.841233e+000
7.178640359676580e-003	4.343176e+000
7.218640359676565e-003	3.215118e+000
7.258640359676549e-003	2.378868e+000
7.298640359676534e-003	1.758949e+000
7.338640359676518e-003	1.299405e+000
7.378640359676503e-003	9.587530e-001
7.418640359676487e-003	7.062416e-001
7.458640359676472e-003	5.190721e-001
7.498640359676456e-003	3.803434e-001
7.538640359676441e-003	2.775259e-001
7.578640359676425e-003	2.013309e-001
7.618640359676410e-003	1.448724e-001
7.658640359676394e-003	1.030454e-001
7.698640359676379e-003	7.206539e-002
7.738640359676363e-003	4.912673e-002
7.778640359676348e-003	3.214950e-002
7.818640359676332e-003	1.959174e-002
7.858640359676317e-003	1.031033e-002
7.898640359676301e-003	3.386674e-003
7.931389169130110e-003	-8.943185e-004
7.964252130026273e-003	-4.180779e-003
7.996567187571468e-003	-6.667308e-003
8.036567187571453e-003	-9.109178e-003
8.046875000000064e-003	-9.637262e-003
8.047071115823257e-003	-9.560548e-003
8.047463347469641e-003	-9.374246e-003
8.048247810762466e-003	-8.932355e-003
8.049816737348114e-003	-7.854776e-003
8.052954590519357e-003	-4.948650e-003
8.059230296861897e-003	3.660487e-003
8.071040217986270e-003	2.773530e-002
8.085828023305652e-003	7.146280e-002
8.107069469814987e-003	1.587223e-001
8.135666834724886e-003	3.138404e-001
8.174928145571192e-003	5.796203e-001
8.214928145571177e-003	8.991223e-001
8.254928145571161e-003	1.259062e+000
8.294928145571145e-003	1.649253e+000
8.334928145571130e-003	2.061921e+000
8.374928145571114e-003	2.491300e+000
8.414928145571099e-003	2.933110e+000
8.494928145571068e-003	3.842129e+000
8.614928145571021e-003	5.241948e+000
8.654928145571006e-003	5.714574e+000
8.694928145570990e-003	6.188037e+000
8.734928145570975e-003	6.662335e+000
8.774928145570959e-003	7.137468e+000
8.814928145570944e-003	7.613438e+000
8.854928145570928e-003	8.090243e+000
8.894928145570913e-003	8.567884e+000
8.934928145570897e-003	9.044874e+000
8.954570591883870e-003	9.277878e+000
8.967672048521114e-003	9.429941e+000
8.980494853691234e-003	9.571900e+000
8.993796919681552e-003	9.708188e+000
9.011594260327271e-003	9.874253e+000
9.023437500000009e-003	9.976043e+000
9.023492203834416e-003	9.980615e+000
9.023601611503285e-003	9.974422e+000
9.023640843356051e-003	9.951191e+000
9.023654356810407e-003	9.935802e+000
9.023664724948310e-003	9.923747e+000
9.023672925194237e-003	9.915595e+000
9.023681445085363e-003	9.908100e+000
9.023694287356110e-003	9.898068e+000
9.023707534677627e-003	9.888824e+000
9.023730218255477e-003	9.874689e+000
9.023765524070582e-003	9.854410e+000
9.023802074728138e-003	9.834408e+000
9.023875176043250e-003	9.795069e+000
9.023963679196390e-003	9.747193e+000
9.024140685502613e-003	9.649933e+000
9.024398542103129e-003	9.506164e+000
9.024414061999997e-003	9.497445e+000
9.024417585527189e-003	9.495531e+000
9.024424632581629e-003	9.492064e+000
9.024438726690509e-003	9.486712e+000
9.024466914908269e-003	9.479777e+000
9.024505143897132e-003	9.474306e+000
9.024563604482838e-003	9.469102e+000
9.024636517586337e-003	9.463765e+000
9.024768390449689e-003	9.454479e+000
9.025032136176392e-003	9.435948e+000
9.025559627629798e-003	9.399020e+000
9.032944507977425e-003	8.900417e+000
9.041384371231864e-003	8.370044e+000
9.058264097740743e-003	7.420928e+000
9.092023550758499e-003	5.826247e+000
9.132023550758484e-003	4.330621e+000
9.172023550758468e-003	3.204744e+000
9.212023550758453e-003	2.370111e+000
9.252023550758437e-003	1.751391e+000
9.292023550758422e-003	1.292735e+000
9.332023550758406e-003	9.527428e-001
9.372023550758390e-003	7.007200e-001
9.412023550758375e-003	5.139129e-001
9.452023550758359e-003	3.754528e-001
9.492023550758344e-003	2.728345e-001
9.532023550758328e-003	1.967873e-001
9.572023550758313e-003	1.404385e-001
9.612023550758297e-003	9.869278e-002
9.652023550758282e-003	6.777313e-002
9.692023550758266e-003	4.487931e-002
9.732023550758251e-003	2.793537e-002
9.772023550758235e-003	1.540237e-002
9.812023550758220e-003	6.043228e-003
9.844744727391719e-003	2.562186e-004
9.877944348185619e-003	-4.240482e-003
9.910235999814110e-003	-7.610934e-003
9.950235999814094e-003	-1.077741e-002
9.990235999814079e-003	-1.325696e-002
1.000000000000001e-002	-1.375576e-002
